ICC: -0.7897729282780707
HTA: 0.39636969836380953
age75: 0.06289078772100636
DM: -0.13780093108756253
ICTUS/AIT PREVIO: -1.3611903929918308
EAP: -0.9689106116071857
age65: -0.11421960427353284
Genero: -0.47454863303147626
