ICC: -0.5994447643862533
HTA: 0.24264877261878023
age75: -0.19276897255962644
DM: -0.06410282072186003
ICTUS/AIT PREVIO: -0.7532458556825972
EAP: -0.8352175665110926
age65: 0.16175910814520567
Genero: -1.0076635716490716
