age75: -0.09342967005369311
ICC: -0.29345495494709817
RESPIRATORIO: -0.8726692573655278
ICTUS/AIT PREVIO: -0.7425346347297291
HTA: 0.3460283976978845
