ICC: 0.6993502223092384
HTA: -0.42865003899802717
age75: -0.1999905371278755
DM: 0.08283043105288429
ICTUS/AIT PREVIO: 1.4005824204789705
EAP: 0.9207027246073655
age65: 0.21037317909364284
Genero: 0.28004299514687914
