age75: -1.1348328442787363
ICC: -1.0602464661432527
RESPIRATORIO: -0.6790275495359612
ICTUS/AIT PREVIO: 0.15855812791786175
HTA: -0.7297520794105606
