ICC: -1.1560858260256277
HTA: 0.6489934610103383
age75: 0.1396351741387372
DM: 0.35497567064453867
ICTUS/AIT PREVIO: 0.5108710183326074
EAP: -4.519421380057887
age65: -0.5936644192583658
Genero: 0.26129747338922776
