age75: -0.3781153325106499
ICC: -1.1104821217194185
RESPIRATORIO: -0.3340515055767859
ICTUS/AIT PREVIO: 0.46057579594401415
HTA: 0.5995359829992444
