ICC: -1.337512415743492
HTA: -0.8951852415548248
age75: -1.2461593444739347
DM: 0.16328677350382
ICTUS/AIT PREVIO: 0.4039576189709349
EAP: -0.7033340110801545
age65: 0.32361606975526847
Genero: -0.49225805631089625
