age75: -0.37804151112158263
ICC: -1.1105085030469815
RESPIRATORIO: -0.3340329576494937
ICTUS/AIT PREVIO: 0.4604950211069691
HTA: 0.5995365612779002
