ICC: -1.3375292621290553
HTA: -0.8951907998173513
age75: -1.2460021280551608
DM: 0.16330116063473338
ICTUS/AIT PREVIO: 0.4038932524054264
EAP: -0.7032872888357419
age65: 0.32360257678312604
Genero: -0.4922581507282486
