ICC: -1.1560842360549173
HTA: 0.6490568333296866
age75: 0.13963135874449897
DM: 0.3549562348382748
ICTUS/AIT PREVIO: 0.5109036711689099
EAP: -4.515945751325857
age65: -0.5936516972420836
Genero: 0.2613628634037579
