ICC: -0.7896571093062338
HTA: 0.3963144135955108
age75: 0.06303777000605876
DM: -0.13784215573505523
ICTUS/AIT PREVIO: -1.3612188364831224
EAP: -0.9689177545630216
age65: -0.11422019430425957
Genero: -0.47449110448613013
