age75: -0.05847112368571368
ICC: 0.6226861564388912
RESPIRATORIO: 0.7290749246192366
ICTUS/AIT PREVIO: 1.3429138601233759
HTA: -0.44436981779931867
