age75: -0.015666909174483875
ICC: -0.6267188966364351
RESPIRATORIO: -0.8360563337374771
ICTUS/AIT PREVIO: -1.3534521415018432
HTA: 0.4162094147646065
