age75: -0.0156815754519772
ICC: -0.6267520796962749
RESPIRATORIO: -0.8360374707966891
ICTUS/AIT PREVIO: -1.3535204536031538
HTA: 0.41618817592874674
