ICC: 0.6995863491942167
HTA: -0.4286019733621637
age75: -0.19999857318622707
DM: 0.08270391686575254
ICTUS/AIT PREVIO: 1.400551586343022
EAP: 0.9205306276203938
age65: 0.21041403892568455
Genero: 0.2801227897486075
