age75: -1.1348492963075518
ICC: -1.0602581339807036
RESPIRATORIO: -0.6790445286189214
ICTUS/AIT PREVIO: 0.1586019841654419
HTA: -0.7297540893582163
