age75: -0.05830097548589215
ICC: 0.6226618988235145
RESPIRATORIO: 0.7290173033932554
ICTUS/AIT PREVIO: 1.342895833178439
HTA: -0.44440020686858184
